md5sum
16
65536
1679418620 21
1679418894 22
1679418941 23
1679418944 24
1679418958 25
1679418962 26
1679419009 27
1679419013 28
1679419033 29
1679419351 30
1679419358 31
1679419361 32
1679419364 33
1679419367 34
1679419370 35
1679419372 36
1679419765 37
1679419833 38
1679420155 39
1679420216 40
1679420980 41
1679425069 42
1679425198 43
1679425627 44
1679427288 45
1679427679 46
1679429170 47
1679436442 48
1679436463 49
1679438109 50
1679444275 51
1679447987 52
1679448483 53
1679448815 54
1679472322 55
1679474097 56
