md5sum
16
65536
1679418580 21
1679418901 22
1679418904 23
1679418905 24
1679418918 25
1679418921 26
1679418924 27
1679418972 28
1679418976 29
1679418995 30
1679419314 31
1679419321 32
1679419323 33
1679419326 34
1679419329 35
1679419332 36
1679419335 37
1679419729 38
1679419796 39
1679420119 40
1679420180 41
1679420489 42
1679420947 43
1679425089 44
1679425219 45
1679425648 46
1679427311 47
1679427702 48
1679429192 49
1679436529 50
1679436549 51
1679436633 52
1679438195 53
1679444418 54
1679448154 55
1679448984 56
1679450407 57
1679474302 58
