md5sum
16
65536
1679103773 36
1679104095 37
1679104097 38
1679104099 39
1679104112 40
1679104115 41
1679104118 42
1679104166 43
1679104170 44
1679104189 45
1679104510 46
1679104516 47
1679104519 48
1679104522 49
1679104525 50
1679104528 51
1679104531 52
1679104926 53
1679104993 54
1679105318 55
1679105379 56
1679105690 57
1679106150 58
1679110313 59
1679110443 60
1679110874 61
1679112546 62
1679112939 63
1679114436 64
1679121809 65
1679121829 66
1679121913 67
1679123484 68
1679129729 69
1679133474 70
1679134305 71
1679135732 72
1679159707 73
