md5sum
16
65536
1679103783 36
1679104105 37
1679104108 38
1679104110 39
1679104123 40
1679104126 41
1679104129 42
1679104176 43
1679104180 44
1679104200 45
1679104526 46
1679104528 47
1679104531 48
1679104534 49
1679104537 50
1679104540 51
1679104936 52
1679105004 53
1679105328 54
1679105389 55
1679105701 56
1679106161 57
1679110327 58
1679110457 59
1679110889 60
1679112562 61
1679112956 62
1679114454 63
1679121832 64
1679121852 65
1679121936 66
1679123513 67
1679129762 68
1679133509 69
1679134342 70
1679135769 71
1679159776 72
