md5sum
16
65536
1679418672 21
1679418995 22
1679418998 23
1679419000 24
1679419013 25
1679419016 26
1679419019 27
1679419067 28
1679419071 29
1679419090 30
1679419417 31
1679419420 32
1679419423 33
1679419426 34
1679419429 35
1679419432 36
1679419828 37
1679419896 38
1679420222 39
1679420283 40
1679420594 41
1679421056 42
1679425232 43
1679425362 44
1679425796 45
1679427472 46
1679427866 47
1679429368 48
1679436755 49
1679436776 50
1679436860 51
1679438438 52
1679444698 53
1679448459 54
1679449295 55
1679450726 56
1679474782 57
