md5sum
16
65536
1679103737 36
1679104011 37
1679104058 38
1679104061 39
1679104062 40
1679104076 41
1679104079 42
1679104081 43
1679104129 44
1679104133 45
1679104152 46
1679104471 47
1679104477 48
1679104480 49
1679104483 50
1679104486 51
1679104489 52
1679104491 53
1679104885 54
1679104953 55
1679105277 56
1679105338 57
1679105649 58
1679106109 59
1679110262 60
1679110391 61
1679110821 62
1679112486 63
1679112877 64
1679114370 65
1679121701 66
1679121721 67
1679121805 68
1679123366 69
1679129580 70
1679133302 71
1679134130 72
1679135547 73
1679159403 74
