md5sum
16
65536
1679418719 21
1679419050 22
1679419053 23
1679419054 24
1679419068 25
1679419071 26
1679419074 27
1679419122 28
1679419126 29
1679419147 30
1679419474 31
1679419481 32
1679419484 33
1679419487 34
1679419490 35
1679419493 36
1679419496 37
1679419902 38
1679419972 39
1679420305 40
1679420368 41
1679420687 42
1679421156 43
1679425387 44
1679425517 45
1679425956 46
1679427647 47
1679428046 48
1679429561 49
1679437010 50
1679437031 51
1679437116 52
1679438709 53
1679445037 54
1679448828 55
1679449669 56
1679451112 57
1679475419 58
