md5sum
16
65536
1679007451 108
1679007772 109
1679007775 110
1679007776 111
1679007790 112
1679007793 113
1679007795 114
1679007843 115
1679007847 116
1679007867 117
1679008192 118
1679008195 119
1679008197 120
1679008200 121
1679008203 122
1679008206 123
1679008600 124
1679008668 125
1679008993 126
1679009054 127
1679009364 128
1679009828 129
1679013981 130
1679014110 131
1679014540 132
1679016208 133
1679016601 134
1679018094 135
1679025431 136
1679025451 137
1679025535 138
1679027105 139
1679033343 140
1679037080 141
1679037912 142
1679039333 143
1679063224 144
