md5sum
16
65536
1679418649 21
1679418970 22
1679418973 23
1679418974 24
1679418988 25
1679418990 26
1679418993 27
1679419041 28
1679419045 29
1679419064 30
1679419384 31
1679419391 32
1679419394 33
1679419397 34
1679419399 35
1679419403 36
1679419405 37
1679419800 38
1679419868 39
1679420192 40
1679420253 41
1679420563 42
1679421023 43
1679425183 44
1679425312 45
1679425744 46
1679427419 47
1679427812 48
1679429307 49
1679436661 50
1679436681 51
1679436765 52
1679438343 53
1679444602 54
1679448346 55
1679449177 56
1679450602 57
1679474571 58
